001002
001004
001006
001008
001010
001012
001014
001020
001025
001027
001028
001032
001034
001035
001037
001040
001042
001044
001046
001047
001049
001051
001053
001055
001056
001058
001060
001061
001063
001065
001067
001068
001074
001076
001080
001081
001083
001085
001087
001089
001090
001092
001094
001096
001098
001100
001102
001104
001106
001107
001109
001111
001113
001115
001117
001119
001121
001123
001125
001127
001130
001132
001135
001137
001138
001139
001141
001142
001144
001146
001148
001150
001152
001154
001156
001158
001160
001162
001168
001170
001172
001174
001175
001181
001183
001185
001187
001189
001191
001193
001195
001199
001201
001203
001207
001209
001211
001213
001217
001219
001221
001225
001227
001229
001231
001233
001235
001241
001243
001245
001246
001248
001250
001252
001256
001258
001259
001263
001265
001267
001271
001273
001275
001276
001278
001281
001282
001283
001285
001287
001288
001289
001291
001294
001296
001298
001299
001301
001303
001306
001307
001309
001311
001315
001317
001319
001321
001323
001326
001328
001331
001332
001336
001338
001340
001342
001344
001345
001347
001349
001351
001352
001354
001355
001362
001365
001366
001369
001370
001371
001372
001374
001378
001380
001382
001386
001387
001389
001391
001394
001396
001398
001406
001408
001413
001415
001416
001418
001420
001422
001424
001426
001427
001429
001432
001434
001436
001437
001439
001441
001443
001445
001447
001449
001450
001452
001454
001456
001458
001460
001461
001462
001464
001468
001470
001472
001474
001476
001478
001480
001484
001486
001488
001490
001491
001495
001496
001498
001500
001502
001504
001506
001510
001512
001514
001516
001518
001520
001522
001524
001528
001529
001531
001532
001534
001536
001538
001540
001542
001544
001551
001554
001556
001558
001560
001561
001565
001568
001569
001571
001573
001575
001577
001579
001581
001583
001585
001586
001588
001590
001592
001594
001596
001597
001599
001600
001601
001603
001605
001606
001608
001610
001612
001614
001616
001618
001620
001622
001624
001626
001628
001630
001632
001633
001635
001637
001639
001641
001642
001643
001645
001647
001649
001651
001653
001655
001656
001658
001659
001661
001663
001665
001667
001669
001670
001672
001674
001675
001677
001679
001681
001683
001685
001686
001690
001692
001694
001696
001698
001700
001702
001703
001705
001707
001709
001710
001712
001713
001715
001717
001719
001721
001723
001725
001727
001729
001730
001732
001734
001736
001738
001740
001742
001744
001746
001750
001752
001754
001756
001757
001759
001761
001763
001767
001770
001772
001774
001778
001780
001783
001785
001789
001791
001793
001795
001798
001800
001801
001803
001807
001808
001810
001812
001814
001818
001820
001822
001824
001826
001827
001829
001830
001832
001836
001838
001840
001844
001846
001852
001854
001857
001861
001863
001865
001867
001869
001871
001872
001874
001876
001877
001879
001883
001885
001887
001889
001891
001893
001895
001897
001901
001903
001904
001907
001909
001910
001913
001915
001917
001919
001920
001922
001926
001928
001930
001932
001934
001936
001938
001941
001943
001949
001951
001953
001955
001958
001960
001961
001963
001965
001967
001969
001970
001972
001975
001977
001980
001982
001984
001986
001989
001991
001993
001995
001997
001999
002001
002003
002005
002007
002013
002014
002017
002021
002023
002025
002027
002029
002030
002032
002034
002036
002038
002039
002041
002043
002045
002047
002049
002051
002053
002056
002058
002062
002064
002066
002068
002069
002070
002072
002074
002076
002077
002079
002081
002082
002083
002085
002087
002089
002091
002093
002094
002096
002098
002100
002102
002104
002106
002107
002109
002111
002113
002114
002116
002118
002120
002122
002123
002127
002128
002130
002132
002134
002136
002138
002140
002141
002143
002144
002146
002148
002149
002151
002152
002154
002156
002158
002160
002162
002164
002166
002167
002169
002171
002174
002176
002178
002179
002181
002182
002184
002186
002188
002189
002191
002193
002195
002197
002199
002201
002203
002205
002207
002210
002212
002214
002216
002217
002219
002221
002222
002224
002226
002230
002232
002233
002235
002236
002238
002242
002246
002247
002249
002252
002254
002256
002258
002259
002261
002263
002265
002267
002271
002273
002275
002279
002283
002286
002288
002290
002292
002294
002296
002298
002300
002302
002304
002306
002307
002309
002311
002313
002315
002317
002319
002321
002324
002326
002328
002329
002333
002335
002337
002339
002341
002343
002347
002349
002351
002353
002355
002357
002359
002361
002363
002365
002366
002370
002371
002375
002377
002379
002381
002383
002385
002387
002389
002392
002395
002396
002400
002405
002407
002408
002412
002413
002414
002416
002418
002420
002422
002426
002428
002429
002434
002435
002437
002439
002441
002443
002445
002447
002449
002451
002456
002458
002461
002462
002464
002465
002467
002469
002471
002473
002475
002477
002479
002481
002483
002485
002487
002489
002493
002495
002497
002498
002500
002502
002504
002506
002508
002510
002512
002514
002516
002518
002520
002522
002524
002526
002528
002530
002532
002534
002536
002538
002540
002542
002546
002548
002550
002554
002556
002558
002560
002562
002564
002566
002568
002570
002572
002574
002576
002578
002580
002582
002584
002588
002590
002592
002594
002596
002600
002602
002604
002606
002608
002611
002615
002617
002619
002621
002623
002627
002631
002633
002635
002637
002639
002641
002647
002649
002651
002653
002655
002657
002659
002661
002663
002665
002667
002669
002670
002671
002673
002675
002677
002679
002680
002681
002683
002685
002686
002687
002688
002689
002690
002691
002693
002695
002696
002697
002698
002699
002701
002703
002705
002709
002711
002715
002718
002719
002721
002725
002726
002728
002730
002732
002734
002737
002738
002739
002740
002742
002744
002745
002746
002748
002750
002751
002754
002755
002757
002759
002761
002763
002765
002767
002769
002770
002774
002776
002780
002782
002784
002786
002790
002792
002793
002795
002797
002799
002801
002803
002805
002807
002809
002811
002813
002815
002817
002818
002820
002822
002824
002828
002830
002832
002834
002836
002837
002839
002841
002845
002847
002849
002851
002853
002855
002857
002859
002861
002862
002864
002866
002868
002870
002872
002874
002876
002878
002880
002882
002884
002886
002888
002890
002892
002894
002896
002898
002900
002905
002907
002909
002911
002913
002917
002919
002921
002923
002925
002929
002931
002932
002934
002936
002938
002939
002941
002943
002945
002946
002948
002950
002952
002953
002954
002955
002956
002958
002960
002961
002962
002963
002964
002966
002968
002969
002970
002972
002974
002976
002978
002980
002982
002984
002986
002988
002990
002992
002993
002994
002996
002998
003000
003001
003002
003003
003006
003007
003008
003010
003012
003015
003017
003020
003022
003024
003026
003029
003031
003032
003033
003035
003037
003039
003041
003043
003044
003046
003047
003049
003051
003053
003055
003057
003059
003061
003063
003065
003067
003069
003071
003073
003075
003077
003079
003081
003083
003085
003087
003089
003091
003093
003095
003097
003100
003102
003104
003106
003108
003110
003112
003116
003118
003120
003122
003124
003126
003128
003130
003132
003134
003136
003138
003140
003142
003144
003146
003148
003150
003152
003154
003156
003158
003159
003160
003162
003163
003164
003167
003168
003169
003170
003171
003172
003173
003174
003175
003176
003177
003179
003181
003184
003186
003187
003189
003191
003193
003195
003196
003198
003200
003202
003204
003206
003207
003209
003211
003212
003213
003215
003216
003218
003224
003226
003229
003230
003231
003232
003234
003236
003238
003239
003246
003247
003249
003251
003254
003256
003260
003262
003263
003264
003265
003266
003267
003269
003270
003272
003274
003275
003278
003281
003282
003283
003285
003287
003290
003292
003294
003295
003297
003299
003300
003301
003302
003306
003311
003313
003315
003316
003321
003328
003330
003333
003335
003337
003339
003342
