001001
001003
001005
001016
001017
001018
001019
001021
001022
001023
001030
001031
001038
001039
001070
001071
001072
001075
001078
001079
001086
001093
001103
001129
001131
001134
001136
001164
001166
001167
001177
001178
001179
001180
001186
001197
001198
001205
001206
001214
001215
001223
001236
001237
001238
001239
001254
001257
001261
001262
001268
001269
001270
001274
001279
001280
001286
001292
001293
001297
001304
001305
001308
001313
001314
001318
001325
001333
001334
001335
001337
001356
001357
001358
001359
001360
001361
001364
001368
001376
001377
001379
001381
001384
001385
001393
001395
001400
001401
001402
001403
001404
001410
001411
001414
001417
001455
001463
001466
001467
001477
001481
001482
001483
001493
001494
001508
001509
001521
001523
001526
001546
001548
001549
001550
001552
001553
001563
001564
001566
001598
001636
001640
001644
001646
001688
001689
001693
001748
001749
001765
001766
001769
001776
001787
001788
001797
001805
001816
001831
001833
001834
001842
001843
001848
001850
001851
001853
001855
001856
001859
001860
001864
001868
001880
001881
001882
001899
001900
001911
001912
001916
001924
001925
001937
001939
001945
001946
001947
001956
001957
001971
001973
001974
001976
001978
001979
001987
001988
002009
002010
002011
002012
002016
002019
002052
002054
002055
002060
002061
002073
002125
002126
002157
002173
002183
002190
002208
002220
002227
002228
002240
002241
002244
002245
002250
002264
002269
002277
002278
002281
002282
002284
002312
002322
002323
002331
002345
002346
002368
002373
002390
002393
002394
002397
002398
002401
002402
002403
002404
002410
002411
002424
002425
002430
002432
002436
002444
002452
002454
002455
002459
002460
002463
002476
002478
002491
002492
002521
002537
002539
002544
002545
002552
002553
002586
002587
002598
002605
002613
002614
002625
002629
002630
002638
002643
002644
002645
002646
002650
002662
002707
002708
002713
002714
002717
002723
002731
002736
002749
002752
002766
002772
002773
002775
002778
002779
002783
002785
002788
002789
002794
002810
002812
002814
002816
002826
002827
002843
002844
002863
002865
002867
002902
002904
002915
002927
002928
002971
003004
003005
003013
003014
003016
003018
003027
003111
003114
003115
003123
003147
003161
003165
003166
003190
003197
003199
003214
003220
003222
003223
003228
003241
003243
003244
003252
003253
003257
003259
003271
003276
003277
003280
003284
003303
003304
003309
003310
003312
003318
003322
003323
003324
003326
003327
003331
003332
003338
003340
003341
3348
3351
3352
