000018
000023
000024
000028
000032
000078
000088
000111
000178
000180
000190
000192
000212
000215
000232
000288
000310
000356
000360
000368
000373
000374
000392
000394
000406
000415
000429
000433
000440
000441
000463
000473
000474
000480
000482
000486
000494
000540
000544
000573
000582
000622
000627
000642
000666
000699
000722
000723
000732
000736
000753
000763
000764
000766
000767
000770
000771
000784
000790
000795
000796
000818
000858
000859
000862
000863
000867
000868
000874
000875
000878
000886
000888
000915
000933
000940
000945
000954
000958
000965
000974
000978
000990
000992
000995
000997
000001
000005
000009
000013
000017
000022
000029
000034
000038
000042
000046
000050
000054
000058
000062
000066
000070
000074
000079
000083
000087
000092
000096
000100
000104
000108
000113
000117
000121
000125
000129
000133
000137
000141
000145
000149
000153
000157
000161
000165
000169
000173
000177
000183
000187
000193
000197
000201
000205
000209
000214
000219
000223
000227
000231
000236
000240
000244
000248
000252
000256
000260
000264
000268
000272
000276
000280
000284
000289
000293
000297
000301
000305
000309
000314
000318
000322
000326
000330
000334
000338
000342
000346
000350
000354
000359
000364
000369
000375
000379
000383
000387
000391
000397
000401
000405
000410
000414
000419
000423
000427
000432
000437
000443
000447
000451
000455
000459
000464
000468
000472
000478
000484
000489
000493
000498
000502
000506
000510
000514
000518
000522
000526
000530
000534
000538
000543
000548
000552
000556
000560
000564
000568
000572
000577
000581
000586
000590
000594
000598
000602
000606
000610
000614
000618
000623
000628
000632
000636
000640
000645
000649
000653
000657
000661
000665
000670
000674
000678
000682
000686
000690
000694
000698
000703
000707
000711
000715
000719
000725
000729
000734
000739
000743
000747
000751
000756
000760
000768
000774
000778
000782
000787
000792
000798
000802
000806
000810
000814
000819
000823
000827
000831
000835
000839
000843
000847
000851
000855
000861
000869
000873
000880
000884
000890
000894
000898
000902
000906
000910
000914
000919
000923
000927
000931
000936
000941
000946
000950
000955
000960
000964
000969
000973
000979
000983
000987
000993
000999
